1: 9713, 9934, 9671, 9728, 9501
2: 8601, 8441, 9202, 9101, 8934
3: 9401, 7943, 7824, 7909
4: 8025, 8011, 7772, 7416
5: 7511, 7513, 7573, 7609, 7555
6: 7334, 7207, 7009, 3844, 7101
7: 6815, 6883, 6903, 6716
8: 6525, 6532, 4002
9: 3584, 3582, 3707, 3813, 3743, 3435, 3543, 3447
10: 1815, 1782, 1624
11: 1105, 1081, 1034, 1066, 1061, 1091, 1017, 1441, 1502, 1186, 1181
12: 2035, 2026, 1942, 2134
14: 1213, 1261
15: 2262, 2512, 2625, 2545, 2566, 2275, 2597, 2725
16: 2333, 2334, 2803, 2805, 2353, 2402
17: 3015, 3075, 3011, 2906, 3083, 3079, 3201, 3247, 3045, 3118, 2652
18: 3318, 3317, 3361, 3331, 4204
19: 4382, 4462, 4301, 4561, 4501, 4535
20: 4819, 4818, 4901, 4708, 5022, 4624, 5042, 5141
21: 5223, 5835, 5406, 5342
22: 5623, 5707, 5631, 5504, 5664
23: 6043, 6001, 5912, 5801
24: 6229, 6442, 6419, 6461, 6162
25: 1315, 8303, 8233 