COMPOSITE TABLE
i	  d
!---------------
5766      550.0 
5768      6050.0 
5801      9935.0 
5802      7590.0 
5803      8450.0 
5804      1970.0 
5807      2305.0 
5808      1195.0 
5809      2250.0 
5811      790.0 
5812      470.0 
5813      2190.0 
5814      510.0 
5815      1095.0 
5816      240.0 
5817      215.0 
5851      2155.0 
5853      2170.0 
5854      5380.0 
5855      2480.0 
5856      1205.0 
5861      1950.0 
5862      455.0 
5863      1105.0 
5864      1900.0 
5865      1160.0 
5866      1250.0 
5871      1100.0 
5872      745.0 
5911      3855.0 
5912      9310.0 
5913      9490.0 
5914      7665.0 
5915      5610.0 
5916      2945.0 
5921      6535.0 
5922      5610.0 
5923      3210.0 
5924      3935.0 
5925      4130.0 
5926      2705.0 
5927      765.0 
5928      760.0 
5931      9680.0 
5932      5925.0 
5935      3980.0 
5941      5130.0 
5943      1030.0 
5944      2515.0 
5951      5515.0 
5953      11390.0 
5954      2510.0 
5961      12620.0 
5962      2015.0 
5963      1905.0 
5964      1510.0 
5966      2115.0 
5971      4845.0 
5973      2015.0 
5975      6290.0 
5976      1180.0 
5977      265.0 
5981      7450.0 
5984      1250.0 
5985      1725.0 
5986      2095.0 
5987      1020.0 
5988      6100.0 
5991      6630.0 
5993      6480.0 
5995      4270.0 
6001      6925.0 
6002      7060.0 
6003      4800.0 
6004      8850.0 
6005      4505.0 
6006      11180.0 
6011      1490.0 
6012      515.0 
6013      985.0 
6014      1870.0 
6015      1300.0 
6017      2495.0 
6019      2160.0 
6031      9990.0 
6034      1585.0 
6035      4035.0 
6037      1210.0 
6039      5140.0 
6041      10075.0 
6042      8915.0 
6043      12115.0 
6044      3125.0 
6045      5545.0 
6049      6650.0 
6051      7215.0 
6061      4190.0 
6063      2465.0 
6065      3140.0 
6067      3700.0 
6071      8730.0 
6074      3700.0 
6075      4330.0 
6077      3485.0 
6081      4295.0 
6082      965.0 
6083      690.0 
6085      3960.0 
6086      3440.0 
6088      4205.0 
6089      855.0 
6091      670.0 
6092      325.0 
6093      6530.0 
6095      2680.0 
6096      1745.0 
6097      4280.0 
6099      1775.0 
6101      9560.0 
6102      4995.0 
6104      1715.0 
6105      1350.0 
6107      1615.0 
6109      840.0 
6111      625.0 
6112      855.0 
6114      8235.0 
6116      1545.0 
6118      3385.0 
6584      3805.0 
6585      3050.0 
6586      315.0 
6587      880.0 
6591      9095.0 
6595      2455.0 
6596      2765.0 
6598      2040.0
