COMPOSITE TABLE
i	  d
!---------------
3841      6050.0 
3842      6415.0 
3843      6630.0 
3844      9410.0 
3845      8010.0 
3846      115.0 
3847      630.0 
3848      3950.0 
3849      2795.0 
3851      10400.0 
3852      5425.0 
3853      10440.0 
3881      11370.0 
3882      12220.0 
3888      2895.0 
6941      4805.0 
6942      11875.0 
6961      10065.0 
6964      835.0 
6971      8530.0 
6974      700.0 
6975      350.0 
6996      1805.0 
6997      495.0 
6998      595.0 
6999      1605.0 
7001      3715.0 
7002      6810.0 
7003      2805.0 
7004      3610.0 
7005      325.0 
7006      10870.0 
7007      7610.0 
7008      655.0 
7009      7265.0 
7011      5595.0 
7021      9045.0 
7025      2320.0 
7031      6845.0 
7035      1505.0 
7036      495.0 
7037      2180.0 
7038      2575.0 
7039      1185.0 
7041      8050.0 
7044      395.0 
7045      770.0 
7046      95.0 
7047      1075.0 
7048      170.0 
7051      5940.0 
7054      1100.0 
7055      1035.0 
7061      4500.0 
7064      5690.0 
7065      960.0 
7071      10620.0 
7075      1895.0 
7076      775.0 
7077      455.0 
7078      1060.0 
7081      4635.0 
7083      255.0 
7084      965.0 
7091      7455.0 
7095      980.0 
7101      12240.0 
7102      3755.0 
7103      7690.0 
7104      1435.0 
7105      410.0 
7106      355.0 
7107      810.0 
7108      855.0 
7109      675.0 
7113      280.0 
7115      275.0 
7119      270.0 
7121      8080.0 
7122      7895.0 
7123      1575.0 
7126      1505.0 
7131      10280.0 
7132      2735.0 
7134      1105.0 
7135      1380.0 
7136      2180.0 
7137      1480.0 
7141      9485.0 
7142      515.0 
7151      7675.0 
7152      3790.0 
7156      2955.0 
7157      1475.0 
7161      9655.0 
7165      1105.0 
7201      5170.0 
7202      600.0 
7203      4570.0 
7204      9660.0 
7205      2710.0 
7206      7060.0 
7207      8165.0 
7211      4230.0 
7213      3865.0 
7214      1940.0 
7215      400.0 
7216      290.0 
7217      1700.0 
7218      1215.0 
7221      2395.0 
7223      1185.0 
7224      85.0 
7225      290.0 
7226      155.0 
7227      920.0 
7231      5295.0 
7232      3635.0 
7233      345.0 
7234      645.0 
7241      8085.0 
7242      5800.0 
7244      1810.0 
7245      4060.0 
7251      7510.0 
7255      6800.0 
7256      1560.0 
7261      7785.0 
7263      870.0 
7271      7880.0 
7273      695.0 
7274      1275.0 
7275      690.0 
7311      9250.0 
7312      10575.0 
7313      2225.0 
7314      6850.0 
7315      4865.0 
7316      6110.0 
7317      275.0 
7321      6130.0 
7322      9620.0 
7323      8935.0 
7324      50.0 
7325      12610.0 
7326      10555.0 
7327      6105.0 
7328      7625.0 
7329      2750.0 
7331      11345.0 
7332      310.0 
7333      6540.0 
7334      2025.0 
7335      6250.0 
7336      205.0 
7339      6225.0 
7341      1020.0 
7345      2205.0 
7346      265.0 
7348      105.0 
7351      1545.0 
7361      4285.0 
7364      1235.0 
7371      3135.0 
7381      1600.0 
7382      1495.0 
7383      2705.0 
7384      2960.0 
7391      12240.0 
7392      210.0 
7395      710.0 
7396      2435.0 
7397      725.0 
7399      665.0 
7439      290.0 
8051      10455.0 
8052      1340.0 
8071      11625.0 
8072      7970.0 
8075      4405.0 
8076      730.0 
8077      1995.0 
8079      220.0 
8081      11795.0 
8084      6280.0 
8085      4100.0 
8091      12115.0 
8094      1455.0 
8095      1265.0 
8096      5635.0 
8097      2065.0 
8161      6645.0 
8162      8845.0 
8166      3030.0 
8167      1570.0 
8171      7735.0 
8172      5055.0 
8181      11330.0 
8191      6035.0 
8193      230.0 
8194      715.0
