COMPOSITE TABLE
i	  d
!---------------
4301      9405.0 
4302      935.0 
4303      320.0 
4305      650.0 
4306      2680.0 
4307      2365.0 
4308      365.0 
4311      4075.0 
4315      995.0 
4316      775.0 
4317      750.0 
4318      1425.0 
4321      1040.0 
4322      1345.0 
4323      340.0 
4325      1565.0 
4326      325.0 
4327      295.0 
4328      4455.0 
4331      6240.0 
4332      4145.0 
4333      5365.0 
4334      2960.0 
4335      7070.0 
4336      7465.0 
4337      7980.0 
4338      75.0 
4339      1325.0 
4341      5365.0 
4351      1645.0 
4352      510.0 
4353      1785.0 
4354      1120.0 
4356      2440.0 
4357      1500.0 
4361      2710.0 
4363      1485.0 
4364      1330.0 
4365      1470.0 
4371      3505.0 
4373      920.0 
4374      1505.0 
4381      7075.0 
4382      7925.0 
4383      2850.0 
4384      5755.0 
4385      5650.0 
4386      3825.0 
4387      455.0 
4388      10515.0 
4389      595.0 
4401      6575.0 
4411      3045.0 
4413      4380.0 
4414      1310.0 
4415      475.0 
4416      3930.0 
4417      1755.0 
4421      8760.0 
4423      520.0 
4424      3105.0 
4431      4555.0 
4433      720.0 
4434      950.0 
4435      620.0 
4436      710.0 
4437      410.0 
4438      575.0 
4441      1115.0 
4443      605.0 
4444      520.0 
4451      5500.0 
4453      1940.0 
4454      1455.0 
4455      1170.0 
4456      1770.0 
4458      1670.0 
4461      11275.0 
4462      6450.0 
4463      6800.0 
4464      1480.0 
4465      1000.0 
4471      2300.0 
4472      1210.0 
4474      555.0 
4475      780.0 
4481      3100.0 
4482      25.0 
4484      1860.0 
4485      430.0 
4486      1570.0 
4491      1155.0 
4493      2040.0 
4494      335.0 
4501      4840.0 
4503      1095.0 
4504      460.0 
4505      585.0 
4506      790.0 
4507      1470.0 
4508      550.0 
4511      4785.0 
4513      800.0 
4515      2185.0 
4521      1640.0 
4522      220.0 
4524      2305.0 
4525      405.0 
4527      2425.0 
4528      330.0 
4529      840.0 
4531      2525.0 
4532      6980.0 
4533      3010.0 
4535      4970.0 
4536      3095.0 
4537      4050.0 
4538      225.0 
4539      195.0 
4541      2415.0 
4542      3025.0 
4543      2850.0 
4551      4035.0 
4553      2120.0 
4554      1995.0 
4561      9775.0 
4562      1095.0 
4564      3155.0 
4565      370.0 
4566      1125.0 
4567      2485.0 
4568      1020.0 
4569      925.0 
4571      8000.0 
4574      945.0 
4575      245.0 
4576      2550.0 
4581      1930.0 
4583      500.0 
4584      250.0 
4585      745.0 
4586      555.0 
4587      3240.0 
4588      370.0 
4589      325.0 
4675      2680.0 
4691      7545.0 
4693      1705.0 
4694      1760.0 
4695      3595.0 
4696      1720.0 
4697      3645.0 
4698      2755.0
