COMPOSITE TABLE
i	  d
!---------------
4001      9905.0 
4002      2350.0 
4003      8390.0 
4004      90.0 
4005      5625.0 
4006      3870.0 
4007      8835.0 
4011      1485.0 
4012      1395.0 
4013      670.0 
4014      1150.0 
4016      180.0 
4017      155.0 
4021      4190.0 
4023      665.0 
4024      1650.0 
4031      2185.0 
4032      795.0 
4033      5565.0 
4041      5205.0 
4043      6045.0 
4051      4530.0 
4053      1090.0 
4054      1150.0 
4061      1660.0 
4062      145.0 
4063      415.0 
4064      975.0 
4101      7095.0 
4102      8185.0 
4103      1415.0 
4104      85.0 
4105      10390.0 
4106      70.0 
4107      260.0 
4111      650.0 
4112      3105.0 
4115      390.0 
4116      2645.0 
4117      515.0 
4119      405.0 
4147      3220.0 
4151      590.0 
4152      675.0 
4153      3585.0 
4155      310.0 
4156      905.0 
4157      570.0 
4158      2185.0 
4161      2305.0 
4171      2470.0 
4174      955.0 
4175      2590.0 
4176      635.0 
4181      2340.0 
4182      505.0 
4184      1185.0 
4185      605.0 
4191      10455.0 
4194      3685.0 
4196      2205.0 
4197      1095.0 
4211      770.0 
4212      110.0 
4214      2025.0 
5301      10265.0 
5302      1450.0 
5305      1640.0 
5306      2995.0 
5307      985.0 
5308      1985.0 
5311      2330.0 
5313      700.0 
5314      1625.0 
5315      550.0 
5316      345.0 
5317      1520.0 
5318      35.0 
5321      4655.0 
5324      3545.0 
5325      990.0 
5327      840.0 
5328      2625.0 
5331      7135.0 
5333      280.0 
5334      1580.0 
5335      640.0 
6511      8865.0 
6512      5040.0 
6521      6590.0 
6522      4370.0 
6523      8155.0 
6524      7120.0 
6525      9660.0 
6531      9950.0 
6532      5690.0 
6533      10780.0 
6534      3340.0 
6535      6520.0 
6536      3615.0 
6537      9665.0 
6538      9725.0 
6541      6715.0 
6542      7225.0 
6543      7180.0 
6544      5745.0 
6545      5620.0 
6546      9565.0 
6551      2460.0 
6561      5515.0 
6562      10520.0 
6564      775.0 
6566      5910.0 
6571      2110.0 
6572      385.0 
6573      3565.0 
6574      450.0 
6575      100.0 
6576      2330.0 
6577      165.0 
6578      1780.0 
6579      565.0 
6581      11755.0 
6582      1555.0 
6601      10520.0 
6602      6205.0 
6603      3080.0 
6604      4170.0 
6605      11555.0 
6606      430.0 
6611      2570.0 
6612      750.0 
6613      705.0 
6615      135.0 
6616      860.0 
6617      1800.0 
6621      3315.0 
6624      1465.0 
6626      1715.0 
6627      1305.0 
6628      560.0 
6629      835.0 
6631      1645.0 
6634      690.0 
6641      12965.0 
6642      4600.0 
6644      3420.0 
6645      2035.0 
6651      9390.0 
6652      2520.0 
6653      1705.0 
6654      1635.0 
6655      1185.0 
6657      2130.0 
6658      6110.0 
6659      2435.0 
6663      6520.0 
6669      4535.0
