COMPOSITE TABLE
i	  d
!---------------
1309      40.0 
1311      4765.0 
1312      7435.0 
1313      4565.0 
1314      6020.0 
1315      3430.0 
1316      4490.0 
1317      4180.0 
1318      9390.0 
1319      3950.0 
1321      9965.0 
1322      1.0 
1323      6640.0 
1324      10200.0 
1325      10880.0 
1326      11870.0 
1327      1.0 
1328      10045.0 
1329      5.0 
1331      255.0 
1332      20.0 
1333      12675.0 
1334      1345.0 
1335      12120.0 
1336      6990.0 
1338      10170.0 
1339      11305.0 
1341      1.0 
1343      1100.0 
1349      185.0 
1351      2070.0 
1352      1705.0 
1353      4560.0 
1354      2905.0 
1355      2720.0 
1356      2775.0 
1357      3425.0 
1358      460.0 
1359      1700.0 
1361      120.0 
1362      1.0 
3891      5200.0 
3892      5830.0 
3893      6745.0 
3894      1550.0 
3896      580.0 
3897      715.0 
3898      205.0 
3899      85.0 
8211      235.0 
8212      4730.0 
8218      260.0 
8219      2440.0 
8221      20.0 
8222      195.0 
8223      5020.0 
8224      6835.0 
8225      8205.0 
8226      9825.0 
8231      4800.0 
8232      5845.0 
8233      665.0 
8239      185.0 
8241      1045.0 
8242      6170.0 
8243      9185.0 
8244      4360.0 
8245      4600.0 
8251      12980.0 
8252      6305.0 
8253      7260.0 
8254      690.0 
8255      6490.0 
8256      6055.0 
8301      2095.0 
8302      9515.0 
8303      9705.0 
8304      3635.0 
8305      275.0 
8307      3040.0 
8308      1950.0 
8309      2245.0 
8311      1355.0 
8312      1660.0 
8313      1735.0 
8314      1325.0 
8315      2240.0 
8316      3855.0 
8317      1455.0 
8321      14125.0 
8322      4185.0
