COMPOSITE TABLE
i	  d
!---------------
3771      10790.0 
3772      15335.0 
3773      3815.0 
3774      5020.0 
3775      270.0 
3776      1560.0 
3781      10195.0 
3784      1490.0 
3785      1265.0 
3792      130.0 
3794      635.0 
3861      7600.0 
3862      12880.0 
3863      6605.0 
3864      3485.0 
3871      8970.0 
3886      1990.0 
3925      9315.0 
6661      10895.0 
6662      9765.0 
6665      3600.0 
6666      5150.0 
6668      1470.0 
6671      5280.0 
6672      195.0 
6673      1690.0 
6674      2970.0 
6675      1670.0 
6676      90.0 
6677      495.0 
6678      2310.0 
6681      12590.0 
6684      130.0 
6685      1985.0 
6686      2745.0 
6687      2855.0 
6691      7250.0 
6701      2975.0 
6702      2575.0 
6703      2370.0 
6704      525.0 
6705      1505.0 
6706      4785.0 
6707      4730.0 
6708      15510.0 
6709      2190.0 
6711      8945.0 
6712      5075.0 
6713      9775.0 
6714      6720.0 
6715      7255.0 
6716      8890.0 
6717      14895.0 
6718      6465.0 
6721      14735.0 
6731      2275.0 
6732      3520.0 
6733      2450.0 
6741      12660.0 
6744      3445.0 
6745      450.0 
6811      4585.0 
6812      2590.0 
6813      4510.0 
6814      6095.0 
6815      3085.0 
6816      1795.0 
6821      5580.0 
6822      6180.0 
6823      7045.0 
6824      9405.0 
6825      5495.0 
6826      9250.0 
6827      255.0 
6828      11565.0 
6831      3160.0 
6832      4325.0 
6833      5645.0 
6834      3330.0 
6835      5165.0 
6836      12540.0 
6841      4385.0 
6842      2150.0 
6843      11340.0 
6844      4340.0 
6845      6440.0 
6846      6765.0 
6851      8985.0 
6852      8900.0 
6861      5435.0 
6862      5825.0 
6865      4920.0 
6866      3640.0 
6871      9265.0 
6874      1745.0 
6877      110.0 
6881      7145.0 
6882      6630.0 
6883      3875.0 
6891      1485.0 
6901      6220.0 
6902      1255.0 
6903      7065.0 
6904      7665.0 
6905      2320.0 
6909      1850.0 
6911      2450.0 
6913      855.0 
6914      1045.0 
6915      3220.0 
6916      2815.0 
6917      690.0 
6921      14400.0 
6922      8125.0 
6923      1985.0 
6924      1085.0 
6931      7210.0 
6932      8030.0 
6951      7890.0 
6952      4510.0 
6953      2200.0 
6955      1110.0 
6956      985.0 
6957      850.0 
6981      4790.0 
6982      2435.0 
6983      4150.0 
6984      220.0 
6986      1360.0 
6987      2830.0 
6988      1345.0 
6991      7355.0 
6994      1165.0 
7352      60.0
