COMPOSITE TABLE
i	  d
!---------------
5091      5705.0 
5094      1850.0 
5095      1665.0 
5096      715.0 
5421      12385.0 
5422      3195.0 
5423      1855.0 
5424      1035.0 
5425      1555.0 
5501      4420.0 
5502      5120.0 
5503      5865.0 
5504      5650.0 
5505      3500.0 
5506      2810.0 
5507      2260.0 
5508      10645.0 
5509      2960.0 
5511      1330.0 
5512      2145.0 
5513      1915.0 
5521      9540.0 
5524      1340.0 
5525      1885.0 
5527      5205.0 
5528      2145.0 
5529      1010.0 
5531      9945.0 
5534      870.0 
5541      8320.0 
5551      9215.0 
5552      5880.0 
5553      1800.0 
5554      9180.0 
5555      3360.0 
5556      1295.0 
5561      2335.0 
5563      2050.0 
5571      10730.0 
5575      2940.0 
5581      6280.0 
5582      4815.0 
5583      5440.0 
5591      9605.0 
5595      4315.0 
5611      9765.0 
5612      9895.0 
5613      5610.0 
5614      3695.0 
5615      7045.0 
5616      10750.0 
5621      4010.0 
5622      7445.0 
5623      10185.0 
5624      5530.0 
5625      9770.0 
5626      4165.0 
5627      12895.0 
5628      10010.0 
5629      9565.0 
5631      5650.0 
5632      13345.0 
5633      145.0 
5641      7605.0 
5642      6795.0 
5643      7395.0 
5644      8210.0 
5645      3875.0 
5646      2555.0 
5647      55.0 
5651      2175.0 
5652      6660.0 
5653      6795.0 
5654      9295.0 
5655      4290.0 
5656      1.0 
5657      215.0 
5658      8420.0 
5661      1345.0 
5662      3250.0 
5663      6325.0 
5664      4005.0 
5665      5370.0 
5666      3715.0 
5667      4170.0 
5671      4655.0 
5672      7165.0 
5673      6340.0 
5674      4055.0 
5681      850.0 
5682      3605.0 
5683      6420.0 
5684      10310.0 
5685      7760.0 
5688      11825.0 
5689      215.0 
5691      10580.0 
5692      65.0 
5694      4895.0 
5701      13750.0 
5702      11855.0 
5703      5450.0 
5704      9135.0 
5705      1580.0 
5706      14065.0 
5707      9780.0 
5708      8805.0 
5709      13595.0 
5711      7385.0 
5712      8690.0 
5715      2160.0 
5721      13035.0 
5724      930.0 
5725      2370.0 
5731      9930.0 
5735      5570.0 
5737      4330.0 
5738      1945.0 
5741      9730.0 
5751      12075.0 
5752      1865.0 
5753      3760.0 
5754      6520.0 
5756      1350.0 
5757      3265.0 
5758      1830.0 
5759      860.0 
5761      5530.0 
5763      2055.0 
5764      1145.0 
6021      9065.0 
6023      2110.0 
6024      1535.0 
6026      5265.0 
6027      1700.0 
6028      665.0 
6029      1340.0
