COMPOSITE TABLE
i	  d
!---------------
1117      1.0 
1118      1.0 
1119      5.0 
1161      7615.0 
1165      2355.0 
1171      11885.0 
1175      835.0 
1435      4105.0 
1436      510.0 
1437      95.0 
1438      175.0 
1911      12665.0 
1941      3255.0 
1942      2320.0 
1943      5025.0 
1944      7035.0 
1945      6590.0 
1946      4355.0 
1947      3495.0 
1948      4695.0 
1949      2110.0 
1951      5045.0 
1961      855.0 
1962      7600.0 
1963      5845.0 
1964      7215.0 
1965      6450.0 
1966      4555.0 
1967      4835.0 
1968      300.0 
1969      1180.0 
1971      8375.0 
1972      8150.0 
1973      5470.0 
1974      6120.0 
1975      2125.0 
1976      310.0 
1981      1960.0 
1985      3185.0 
1991      14230.0 
1992      2150.0 
2011      12480.0 
2012      11895.0 
2013      8045.0 
2014      7100.0 
2015      5345.0 
2019      95.0 
2021      8380.0 
2022      8050.0 
2023      11825.0 
2024      8810.0 
2025      8755.0 
2026      5515.0 
2031      1535.0 
2032      7320.0 
2033      12250.0 
2034      9500.0 
2035      6335.0 
2036      7630.0 
2037      8105.0 
2041      7670.0 
2042      8005.0 
2051      4120.0 
2061      6085.0 
2063      630.0 
2064      2670.0 
2065      360.0 
2071      6910.0 
2082      3165.0 
2101      7155.0 
2102      4615.0 
2103      3620.0 
2104      3990.0 
2105      3875.0 
2106      2805.0 
2111      4385.0 
2114      2240.0 
2116      955.0 
2121      5185.0 
2131      10580.0 
2132      11170.0 
2133      8015.0 
2134      28310.0 
2135      15155.0 
2136      1770.0 
2141      4130.0 
2142      905.0 
2143      135.0 
2144      960.0 
2151      15585.0 
2152      11430.0 
2153      3100.0 
2154      320.0 
2155      50.0 
2156      370.0 
2157      1120.0 
2158      440.0 
2165      3720.0
