COMPOSITE TABLE
i	  d
!---------------
7411      7490.0 
7412      11915.0 
7413      7280.0 
7414      5305.0 
7415      9935.0 
7416      3215.0 
7417      4410.0 
7418      670.0 
7419      2410.0 
7421      5735.0 
7422      2580.0 
7423      6700.0 
7424      3940.0 
7425      8170.0 
7426      15.0 
7427      110.0 
7428      165.0 
7429      1065.0 
7431      4695.0 
7433      5335.0 
7434      1415.0 
7435      395.0 
7437      5570.0 
7685      1010.0 
7691      3455.0 
7692      885.0 
7693      1475.0 
7694      1505.0 
7695      1170.0 
7696      295.0 
7701      11420.0 
7702      785.0 
7707      3840.0 
7711      8730.0 
7715      990.0 
7721      6855.0 
7722      7165.0 
7731      11960.0 
7734      400.0 
7735      380.0 
7736      220.0 
7737      525.0 
7738      645.0 
7739      425.0 
7771      4785.0 
7772      11120.0 
7773      2565.0 
7775      2075.0 
7776      2880.0 
7777      1055.0 
7778      195.0 
7779      75.0 
7781      255.0 
7782      2040.0 
7783      3085.0 
7784      540.0 
7785      45.0 
7786      205.0 
7787      180.0 
7788      160.0 
7791      650.0 
7792      120.0 
7793      420.0 
7794      315.0 
7795      135.0 
7796      285.0 
7797      650.0 
7798      350.0 
7946      1640.0 
7951      10495.0 
7954      3415.0 
7955      1215.0 
8011      6185.0 
8012      6965.0 
8013      2510.0 
8014      12995.0 
8015      3150.0 
8016      8635.0 
8017      7175.0 
8019      1970.0 
8021      4885.0 
8022      4680.0 
8023      5760.0 
8024      3980.0 
8025      490.0 
8026      985.0 
8028      260.0 
8031      9390.0 
8032      9700.0 
8033      3345.0 
8034      680.0 
8035      315.0 
8041      385.0 
8042      5105.0 
8043      19395.0 
8044      55.0 
8045      30.0 
8055      620.0 
8061      6935.0 
8064      4720.0 
8066      590.0 
8101      6195.0 
8102      6985.0 
8103      5805.0 
8105      2285.0 
8106      1510.0 
8107      1195.0 
8111      3695.0 
8112      1135.0 
8121      8075.0 
8124      1155.0 
8131      7630.0 
8141      6950.0 
8144      420.0 
8146      325.0 
8147      215.0 
8148      1305.0 
8151      1920.0 
8152      2315.0 
8153      170.0 
8154      100.0 
8196      605.0 
8198      75.0 
8261      4885.0 
8262      5810.0 
8263      595.0 
8264      2230.0 
8265      14160.0 
8266      5705.0 
8267      650.0 
8271      11755.0 
8274      825.0 
8275      625.0 
8276      750.0 
8277      1020.0 
8278      870.0 
8281      10055.0 
8291      30.0 
8293      165.0 
8294      185.0 
8325      4130.0 
8326      2360.0 
8331      10740.0 
8332      6195.0 
8334      1710.0 
8335      215.0 
8336      90.0 
8337      145.0 
8338      820.0 
8339      165.0 
8341      1975.0 
8342      265.0 
8343      630.0 
8344      310.0 
8345      325.0 
8346      300.0 
8347      615.0 
8355      2745.0 
8356      1305.0 
8361      75.0 
8362      20.0 
8363      185.0 
8371      555.0 
8372      45.0 
8373      355.0 
8374      895.0 
8375      2540.0 
8376      590.0 
8377      265.0 
8378      405.0
