COMPOSITE TABLE
i	  d
!---------------
5074      1365.0 
5076      5475.0 
5151      12440.0 
5152      5570.0 
5154      1550.0 
5211      11975.0 
5212      6845.0 
5213      7570.0 
5215      5195.0 
5216      6580.0 
5221      5590.0 
5222      115.0 
5223      10975.0 
5224      8505.0 
5231      10545.0 
5232      685.0 
5233      8450.0 
5234      80.0 
5235      7245.0 
5236      6325.0 
5237      10005.0 
5241      6420.0 
5242      4445.0 
5243      2740.0 
5244      3330.0 
5245      1035.0 
5246      5825.0 
5247      7325.0 
5248      1430.0 
5249      370.0 
5251      11550.0 
5252      2240.0 
5253      2085.0 
5254      2060.0 
5256      5500.0 
5258      9730.0 
5261      6735.0 
5262      13355.0 
5263      4340.0 
5264      240.0 
5266      725.0 
5268      4605.0 
5271      10400.0 
5272      1800.0 
5275      3985.0 
5281      6405.0 
5282      6535.0 
5283      12470.0 
5291      1275.0 
5292      255.0 
5293      510.0 
5294      175.0 
5296      2180.0 
5298      4865.0 
5341      6200.0 
5342      6315.0 
5343      5405.0 
5344      8180.0 
5345      14800.0 
5346      7235.0 
5347      335.0 
5348      8640.0 
5349      295.0 
5351      8545.0 
5361      8845.0 
5363      1725.0 
5364      1150.0 
5366      1635.0 
5367      705.0 
5368      755.0 
5371      5495.0 
5373      2835.0 
5374      6855.0 
5375      1710.0 
5381      510.0 
5382      1430.0 
5383      405.0 
5384      12700.0 
5386      4475.0 
5388      6000.0 
5391      3545.0 
5392      905.0 
5394      1185.0 
5395      180.0 
5396      945.0 
5397      2975.0 
5398      1365.0 
5401      8300.0 
5402      8070.0 
5403      9525.0 
5404      3425.0 
5405      310.0 
5406      5305.0 
5408      3550.0 
5409      2055.0 
5411      6320.0 
5427      8095.0 
5428      1680.0 
5431      11255.0 
5432      6030.0 
5433      435.0 
5434      1240.0 
5435      510.0 
5437      1745.0 
5438      1190.0 
5439      265.0 
5441      2335.0 
5443      2950.0 
5445      750.0 
5446      2920.0 
5447      1590.0 
5449      90.0 
5451      6065.0 
5453      2285.0 
5454      1550.0 
5455      1130.0 
5461      3730.0 
5462      2940.0 
5463      7085.0 
5464      5715.0 
5465      1680.0 
5466      1395.0 
5467      8135.0 
5469      6610.0 
5471      130.0 
5472      1120.0 
5473      8105.0 
5476      1540.0 
5481      9730.0 
5482      13260.0 
5491      10620.0 
5492      7060.0 
5821      2660.0 
5823      905.0 
5824      460.0 
5825      3655.0 
5826      380.0 
5827      715.0 
5831      12325.0 
5835      1795.0 
5836      1755.0 
5841      1830.0 
5843      610.0 
5844      665.0 
5845      4255.0 
5846      730.0
