COMPOSITE TABLE
i	  d
!---------------
7441      4960.0 
7442      10815.0 
7443      9125.0 
7447      6155.0 
7448      2180.0 
7451      8795.0 
7461      8865.0 
7462      14690.0 
7463      4730.0 
7466      360.0 
7467      355.0 
7468      7075.0 
7471      12365.0 
7472      40.0 
7475      7425.0 
7478      2655.0 
7481      10540.0 
7482      10950.0 
7483      2995.0 
7491      7205.0 
7495      1905.0 
7496      2120.0 
7497      1560.0 
7511      9025.0 
7512      6425.0 
7513      4920.0 
7514      4065.0 
7521      9345.0 
7522      7005.0 
7523      11465.0 
7524      2955.0 
7525      360.0 
7531      8455.0 
7532      5440.0 
7533      4285.0 
7534      12785.0 
7535      3770.0 
7536      65.0 
7541      3275.0 
7542      10695.0 
7543      7540.0 
7544      16570.0 
7545      15630.0 
7546      8915.0 
7547      575.0 
7548      3455.0 
7551      3875.0 
7552      10990.0 
7553      9715.0 
7554      1440.0 
7555      9425.0 
7556      11930.0 
7557      9970.0 
7558      13095.0 
7559      10325.0 
7561      1925.0 
7562      215.0 
7571      2620.0 
7572      5160.0 
7573      3600.0 
7574      3700.0 
7575      305.0 
7576      6295.0 
7577      10080.0 
7581      7605.0 
7582      5640.0 
7585      500.0 
7586      4270.0 
7587      3590.0 
7588      1040.0 
7591      9855.0 
7595      3010.0 
7596      2325.0 
7597      1720.0 
7601      6745.0 
7602      5305.0 
7603      5850.0 
7604      6685.0 
7605      3175.0 
7606      6890.0 
7607      8670.0 
7608      11590.0 
7609      14360.0 
7611      1460.0 
7614      285.0 
7615      1595.0 
7621      6550.0 
7622      8010.0 
7623      4925.0 
7625      1360.0 
7626      490.0 
7627      1810.0 
7631      4375.0 
7634      745.0 
7635      1030.0 
7636      550.0 
7637      335.0 
7638      185.0 
7641      8565.0 
7642      6110.0 
7645      985.0 
7651      5665.0 
7661      925.0 
7662      200.0 
7663      365.0 
7664      645.0 
7665      3580.0 
7666      910.0 
7667      1215.0 
7668      140.0 
7671      11380.0 
7672      2205.0 
7675      145.0 
7676      4560.0 
7678      4335.0 
7679      1280.0 
7681      9295.0 
7683      5905.0 
7687      1150.0 
7688      1410.0
