COMPOSITE TABLE
i      d
!--------------------------
1043      30.0
1044      1.0
1045      105.0
1046      20.0
1047      40.0
1051      12360.0
1052      11405.0
1053      14865.0
1054      16080.0
1055      19455.0
1056      17415.0
1057      16055.0
1058      13340.0
1059      6115.0
1060      10330.0
1061      10910.0
1062      7755.0
1063      12230.0
1064      15580.0
1065      10570.0
1066      17205.0
1067      16040.0
1068      15050.0
1069      22565.0
1071      12565.0
1072      12845.0
1073      12665.0
1074      7770.0
1075      10055.0
1076      11200.0
1077      9185.0
1078      14035.0
1079      13345.0
1081      4535.0
1082      8735.0
1083      5985.0
1086      2530.0
1087      12960.0
1091      15310.0
1092      8875.0
1093      7975.0
1094      12060.0
1095      10855.0
1096      2005.0
1097      12765.0
1098      13510.0
1099      1.0
1101      50.0
1102      20820.0
1103      13165.0
1104      12645.0
1105      130.0
1106      18495.0
1108      2835.0
1109      1510.0
1111      12860.0
1112      8220.0
1113      3590.0
1115      4730.0
1121      9035.0
1127      785.0
1131      8645.0
1132      12525.0
1135      7220.0
1141      9860.0
1145      225.0
1151      2365.0
1153      320.0
1154      135.0
1156      1795.0
1181      18390.0
1182      3740.0
1183      13015.0
1184      565.0
1185      10290.0
1186      12790.0
1187      13995.0
1188      7435.0
1189      480.0
1191      8295.0
1011      8810.0
1012      8065.0
1013      20450.0
1014      210.0
1015      14605.0
1016      10550.0
1017      12100.0
1018      19820.0
1019      17735.0
1021      7100.0
1022      1480.0
1023      4530.0
1024      12205.0
1025      14775.0
1026      490.0
1027      420.0
1028      575.0
1031      4855.0
1032      4720.0
1033      11380.0
1034      12705.0
1035      9905.0
1037      135.0
1041      30.0
1042      25.0
1421      5200.0
1422      12835.0
1423      6055.0
1424      3960.0
1431      11560.0
1432      9035.0
1433      8590.0
1441      13930.0
1442      6425.0
1443      6885.0
1444      6805.0
1445      9435.0
1446      5365.0
1447      13545.0
1448      16640.0
1451      410.0
1452      1830.0
1454      400.0
1456      1770.0
1458      185.0
1461      2835.0
1462      4370.0
1463      595.0
1464      785.0
1471      800.0
1472      715.0
1473      750.0
1474      3230.0
1475      550.0
1476      105.0
1477      160.0
1481      110.0
1482      140.0
1501      6080.0
1502      7575.0
1503      10375.0
1504      7880.0
1505      5625.0
1506      11840.0
1507      12055.0
1508      4575.0
1509      6565.0
1511      9145.0
1521      10600.0
1525      615.0
1531      12610.0
1534      535.0
1541      11350.0
1544      8815.0
1546      765.0
1551      4365.0
1561      7695.0
1562      9295.0
1566      13150.0
1567      6770.0
1107      11795.0
