COMPOSITE TABLE
i	  d
!---------------
1428      100.0 
2159      475.0 
2161      11430.0 
2162      7750.0 
2163      3155.0 
2171      9785.0 
2172      5655.0 
2181      8440.0 
2182      12045.0 
2191      2180.0 
2201      12950.0 
2202      7850.0 
2203      3900.0 
2204      700.0 
2211      13375.0 
2215      15345.0 
2221      13335.0 
2222      30.0 
2223      6300.0 
2224      9075.0 
2225      13990.0 
2231      14775.0 
2235      4320.0 
2251      10245.0 
2252      5075.0 
2253      7880.0 
2254      260.0 
2311      10250.0 
2312      14175.0 
2313      12335.0 
2314      5965.0 
2315      8180.0 
2316      7945.0 
2317      11085.0 
2318      3395.0 
2321      8155.0 
2322      205.0 
2323      150.0 
2324      10080.0 
2331      11970.0 
2332      9460.0 
2333      1455.0 
2334      2330.0 
2341      9265.0 
2342      1695.0 
2343      11635.0 
2351      5050.0 
2352      7890.0 
2353      13485.0 
2355      1735.0 
2361      4780.0 
2362      195.0 
2371      7280.0 
2374      775.0 
2375      1570.0 
2376      655.0 
2377      4075.0 
2381      5460.0 
2382      2575.0 
2391      5705.0 
2394      5270.0 
2396      4240.0 
2401      9600.0 
2402      13825.0 
2403      10370.0 
2404      4380.0 
2405      7715.0 
2406      8255.0 
2407      860.0 
2408      14370.0 
2409      50.0 
2411      17690.0 
2415      1755.0 
2421      8585.0 
2431      1630.0 
2432      210.0 
2435      2825.0 
2441      3820.0 
2445      1180.0 
2451      4305.0 
2461      8910.0 
2465      1235.0 
2471      1925.0 
2481      3520.0 
2731      3325.0 
2735      80.0 
2741      10240.0 
2742      8000.0 
2743      7150.0 
2751      3520.0 
2752      400.0 
2761      6625.0 
2771      15090.0 
2801      6565.0 
2802      9595.0 
2803      9255.0 
2804      12585.0 
2805      10235.0 
2806      10620.0 
2807      11750.0 
2808      395.0 
2809      125.0 
2811      9635.0 
2821      4960.0 
2825      1675.0 
2831      2415.0 
2841      8195.0 
2851      4180.0 
2855      610.0 
2861      6510.0 
2865      1540.0 
2871      11985.0 
2911      6345.0 
2912      6675.0 
2913      605.0 
2914      8045.0 
2931      6505.0 
2935      5740.0 
2941      7580.0 
3465      1705.0 
3466      1720.0 
3651      135.0 
3652      665.0 
3653      45.0
