COMPOSITE TABLE
i      d
!--------------------------
8388      535.0
8389      335.0
8391      3740.0
8392      880.0
8393      220.0
8394      420.0
8395      1070.0
8396      85.0
8397      835.0
8398      485.0
8401      7390.0
8403      290.0
8404      1065.0
8405      430.0
8406      1530.0
8407      1050.0
8408      1345.0
8409      755.0
8411      3350.0
8412      835.0
8413      855.0
8414      1490.0
8415      445.0
8421      1515.0
8422      275.0
8423      1030.0
8424      650.0
8425      295.0
8426      5115.0
8427      430.0
8428      425.0
8431      9880.0
8432      615.0
8433      3265.0
8434      865.0
8435      1885.0
8441      4435.0
8442      5340.0
8443      2680.0
8444      345.0
8445      1620.0
8446      7655.0
8447      3450.0
8448      3670.0
8449      300.0
8451      1510.0
8452      140.0
8453      1045.0
8454      710.0
8455      615.0
8456      1415.0
8457      305.0
8458      785.0
8459      425.0
8461      655.0
8462      220.0
8463      630.0
8464      1235.0
8465      1965.0
8466      50.0
8467      360.0
8468      410.0
8469      155.0
8471      11580.0
8472      1110.0
8474      1055.0
8475      490.0
8476      320.0
8477      140.0
8478      245.0
8479      220.0
8481      130.0
8482      215.0
8483      440.0
8484      255.0
8485      420.0
8486      215.0
8487      155.0
8488      190.0
8489      35.0
8491      3385.0
8493      815.0
8494      1100.0
8495      1435.0
8497      70.0
8501      9745.0
8502      3225.0
8503      50.0
8505      70.0
8506      590.0
8507      225.0
8508      410.0
8511      270.0
8512      215.0
8513      345.0
8514      75.0
8515      75.0
8516      85.0
8517      845.0
8521      3335.0
8522      390.0
8523      450.0
8524      30.0
8525      1025.0
8526      105.0
8527      40.0
8528      50.0
8529      95.0
8531      7845.0
8532      2285.0
8534      50.0
8535      170.0
8536      920.0
8537      240.0
8538      670.0
8539      1045.0
8541      110.0
8542      245.0
8551      1395.0
8552      15.0
8553      125.0
8554      70.0
8556      760.0
8561      3775.0
8563      690.0
8564      125.0
8565      445.0
8566      560.0
8567      1350.0
8571      540.0
8572      180.0
8573      115.0
8574      1050.0
8581      360.0
8582      295.0
8583      65.0
8584      585.0
8601      2975.0
8602      4655.0
8603      4235.0
8604      5015.0
8605      2240.0
8606      2790.0
8607      5990.0
8608      4680.0
8611      285.0
8612      25.0
8613      15.0
8614      690.0
8615      575.0
8616      85.0
8617      265.0
8618      435.0
8621      2305.0
8622      635.0
8623      320.0
8624      385.0
8625      1105.0
8626      160.0
8627      370.0
8628      260.0
8629      1695.0
8631      55.0
8632      175.0
8633      635.0
8635      415.0
8636      120.0
8637      255.0
8641      125.0
8642      70.0
8644      130.0
8647      375.0
8651      3205.0
8658      85.0
8701      7680.0
8702      2225.0
8711      4320.0
8713      805.0
8715      945.0
8721      790.0
8722      375.0
8723      2715.0
8724      365.0
8731      2210.0
8732      255.0
8733      40.0
8734      965.0
8735      255.0
8736      180.0
8737      135.0
8741      145.0
8742      335.0
8743      95.0
8744      270.0
8745      60.0
8746      185.0
8747      295.0
8748      1665.0
8749      620.0
8751      175.0
8752      25.0
8753      80.0
8754      3560.0
8755      110.0
8756      50.0
8757      210.0
8758      85.0
8759      455.0
8761      235.0
8762      75.0
8763      495.0
8764      100.0
8765      460.0
8766      5.0
8771      1035.0
8772      30.0
8773      335.0
8774      135.0
8775      35.0
8801      6435.0
8802      6445.0
8804      1190.0
8805      225.0
8806      640.0
8807      255.0
8808      360.0
8809      50.0
8811      455.0
8812      280.0
8813      130.0
8814      110.0
8816      115.0
8821      580.0
8822      1095.0
8823      370.0
8831      1080.0
8832      110.0
8833      25.0
8834      195.0
8835      455.0
8841      120.0
8842      480.0
8843      290.0
8844      60.0
8845      80.0
8851      1450.0
8852      70.0
8853      40.0
8854      555.0
8855      1760.0
8856      145.0
8857      500.0
8861      6545.0
8862      8105.0
8871      15.0
8872      640.0
8911      4445.0
8912      35.0
8913      3440.0
8914      545.0
8915      5350.0
8916      3265.0
8917      2515.0
8918      5950.0
8919      870.0
8921      9160.0
8922      3280.0
8923      3095.0
8924      3885.0
8925      5770.0
8926      5470.0
8931      3690.0
8932      7160.0
8933      4080.0
8934      2240.0
8935      6695.0
8936      580.0
8937      930.0
8938      80.0
8939      5685.0
8941      185.0
9001      5645.0
9003      985.0
9004      40.0
9005      1635.0
9006      30.0
9007       100.0
9008      1110.0
9009      85.0
9011      1290.0
9012      655.0
9013      180.0
9014      355.0
9021      335.0
9022      1135.0
9023      315.0
9024      605.0
9025      125.0
9026      150.0
9027      320.0
9031      430.0
9032      90.0
9033      1010.0
9034      1110.0
9035      3335.0
9036      2690.0
9037      75.0
9038      420.0
9041      2500.0
9043      205.0
9044      820.0
9045      945.0
9047      1850.0
9051      7725.0
9053      175.0
9054      405.0
9055      1055.0
9056      455.0
9057      350.0
9061      2350.0
9062      1755.0
9063      695.0
9064      675.0
9067      195.0
9071      275.0
9072      310.0
9073      1475.0
9074      2775.0
9075      275.0
9076      4950.0
9077      725.0
9078      1035.0
9079      1755.0
9081      470.0
9082      30.0
9083      195.0
9084      2625.0
9085      10.0
9086      235.0
9087      55.0
9088      1210.0
9089      585.0
9091      195.0
9101      8575.0
9102      1140.0
9103      2995.0
9104      5575.0
9105      1130.0
9106      50.0
9107      65.0
9108      1205.0
9109      255.0
9111      440.0
9112      685.0
9113      1060.0
9114      985.0
9121      140.0
9122      75.0
9123      895.0
9124      50.0
9125      220.0
9131      865.0
9132      565.0
9133      1185.0
9134      365.0
9135      230.0
9136      260.0
9137      935.0
9138      400.0
9141      345.0
9142      245.0
9143      375.0
9144      215.0
9145      1450.0
9146      75.0
9147      385.0
9148      70.0
9151      1645.0
9152      40.0
9153      240.0
9154      85.0
9155      225.0
9156      120.0
9171      845.0
9172      1850.0
9173      95.0
9174      95.0
9175      140.0
9176      85.0
9177      75.0
9178      210.0
9201      8045.0
9202      8495.0
9203      9330.0
9204      7535.0
9205      5185.0
9206      75.0
9207      6015.0
9211      180.0
9212      1540.0
9213      710.0
9214      50.0
9215      260.0
9216      1715.0
9217      505.0
9218      1690.0
9219      345.0
9221      1380.0
9222      1185.0
9223      955.0
9231      5855.0
9233      1145.0
9241      2085.0
9243      1945.0
9244      3620.0
9245      1735.0
9246      90.0
9247      4825.0
9248      880.0
9249      1005.0
9251      10070.0
9254      4940.0
9255      1525.0
9256      815.0
9257      2305.0
9258      960.0
9261      1580.0
9262      1375.0
9263      1940.0
9264      405.0
9265      670.0
9269      3610.0
9271      5210.0
9281      4240.0
9283      1350.0
9284      1340.0
9285      5765.0
9286      1095.0
9287      1860.0
9288      2570.0
9289      1745.0
9291      5580.0
9292      65.0
9293      450.0
9294      860.0
9295      640.0
9296      345.0
9297      105.0
9298      3030.0
9299      625.0
9851      585.0
9852      220.0
9853      495.0
9871      150.0
9872      170.0
9873      820.0
