COMPOSITE TABLE
i	  d
!---------------
2241      9885.0 
2242      8765.0 
2243      2935.0 
2244      1995.0 
2245      2105.0 
2261      4770.0 
2262      3110.0 
2263      5290.0 
2264      8535.0 
2265      4065.0 
2266      6320.0 
2267      375.0 
2271      7105.0 
2272      7955.0 
2273      9490.0 
2274      10650.0 
2275      4490.0 
2281      4485.0 
2282      9805.0 
2283      5475.0 
2284      4395.0 
2285      8165.0 
2286      7895.0 
2287      3685.0 
2288      1020.0 
2289      1745.0 
2291      11150.0 
2292      3060.0 
2295      3630.0 
2491      315.0 
2492      12350.0 
2493      5290.0 
2495      170.0 
2496      9000.0 
2497      10065.0 
2498      5595.0 
2511      3390.0 
2512      13395.0 
2513      7300.0 
2514      2880.0 
2515      11630.0 
2516      8530.0 
2517      8370.0 
2518      9945.0 
2521      7105.0 
2522      11740.0 
2523      5145.0 
2524      6685.0 
2525      16345.0 
2526      13335.0 
2531      8125.0 
2532      4860.0 
2533      7030.0 
2541      7510.0 
2542      9330.0 
2543      5900.0 
2544      10810.0 
2545      9735.0 
2546      5765.0 
2547      7105.0 
2548      18545.0 
2551      10995.0 
2552      15840.0 
2553      7325.0 
2554      1740.0 
2555      8245.0 
2561      5225.0 
2562      10285.0 
2563      9740.0 
2564      10865.0 
2565      11395.0 
2566      5995.0 
2571      9875.0 
2572      8350.0 
2573      10060.0 
2574      7085.0 
2581      3105.0 
2582      8280.0 
2583      9505.0 
2584      6550.0 
2585      6230.0 
2586      7340.0 
2587      7820.0 
2591      6670.0 
2592      6070.0 
2593      8015.0 
2594      1645.0 
2595      6520.0 
2596      6705.0 
2597      7705.0 
2611      11955.0 
2612      9250.0 
2613      12960.0 
2614      9235.0 
2616      115.0 
2622      8735.0 
2623      6310.0 
2624      12710.0 
2625      13870.0 
2626      45.0 
2627      1325.0 
2628      9975.0 
2629      280.0 
2631      14305.0 
2632      3460.0 
2635      6785.0 
2636      4595.0 
2641      12380.0 
2642      8240.0 
2645      9130.0 
2671      12990.0 
2672      3780.0 
2673      1975.0 
2675      7505.0 
2676      3970.0 
2678      11775.0 
2681      13605.0 
2684      555.0 
2685      5790.0 
2691      13100.0 
2692      3405.0 
2693      985.0 
2694      2435.0 
2711      3695.0 
2712      4945.0 
2713      5815.0 
2715      5345.0 
2716      9775.0 
2717      7215.0 
2718      9580.0 
2719      12515.0 
2721      7975.0 
2722      5915.0 
2723      3880.0 
2724      7440.0 
2725      6060.0 
2726      6285.0 
2727      5360.0 
2728      9225.0 
2729      10510.0 
3155      6510.0
