COMPOSITE TABLE
i	  d
!---------------
1483      4025.0 
1484      880.0 
1485      90.0 
1486      705.0 
1487      285.0 
1488      205.0 
1489      175.0 
1536      295.0 
1601      7295.0 
1602      10850.0 
1606      4260.0 
1607      1505.0 
1608      1380.0 
1609      110.0 
1611      10645.0 
1613      8470.0 
1614      2155.0 
1616      7835.0 
1617      1785.0 
1619      6505.0 
1621      5250.0 
1622      8145.0 
1623      2575.0 
1624      5190.0 
1625      9275.0 
1627      20.0 
1628      21455.0 
1631      445.0 
1633      3630.0 
1634      460.0 
1636      1280.0 
1641      920.0 
1642      40.0 
1643      485.0 
1645      2925.0 
1646      75.0 
1647      2460.0 
1648      2730.0 
1652      495.0 
1654      745.0 
1655      895.0 
1657      2135.0 
1658      185.0 
1661      425.0 
1662      325.0 
1663      100.0 
1671      8240.0 
1674      1895.0 
1676      1015.0 
1678      925.0 
1679      2375.0 
1681      260.0 
1682      180.0 
1683      210.0 
1684      480.0 
1685      445.0 
1686      140.0 
1687      5340.0 
1688      2425.0 
1689      14000.0 
1691      575.0 
1692      30.0 
1693      7650.0 
1695      4345.0 
1696      1550.0 
1697      870.0 
1701      8405.0 
1702      8120.0 
1703      12750.0 
1704      6645.0 
1705      15255.0 
1711      1705.0 
1713      5660.0 
1715      3705.0 
1716      2340.0 
1718      3975.0 
1719      500.0 
1721      5105.0 
1722      6305.0 
1723      5295.0 
1724      3920.0 
1731      3245.0 
1732      760.0 
1733      3135.0 
1734      425.0 
1735      2080.0 
1736      400.0 
1738      2500.0 
1741      11855.0 
1742      6880.0 
1744      1890.0 
1746      1730.0 
1747      3685.0 
1749      6275.0 
1751      2050.0 
1752      815.0 
1753      635.0 
1754      810.0 
1755      1660.0 
1756      2300.0 
1757      770.0 
1759      2560.0 
1761      8300.0 
1764      3610.0 
1766      2320.0 
1767      990.0 
1768      920.0 
1771      6225.0 
1773      595.0 
1774      2035.0 
1775      3725.0 
1777      5325.0 
1778      900.0 
1779      2410.0 
1781      9090.0 
1782      11085.0 
1783      3610.0 
1784      9200.0 
1785      9430.0 
1786      1100.0 
1787      470.0 
1788      13385.0 
1811      4460.0 
1812      270.0 
1813      7270.0 
1814      9545.0 
1815      6720.0 
1816      8655.0 
1817      3485.0 
1821      1230.0 
1822      3765.0 
1823      6805.0 
1824      7250.0 
1825      9580.0 
1826      6670.0 
1827      11300.0 
1829      4205.0 
1831      2635.0 
1832      240.0 
1834      6085.0 
1841      1795.0 
1842      605.0 
1843      735.0 
1844      250.0 
1846      375.0 
1847      250.0 
1851      12510.0 
1852      9940.0 
1861      6505.0 
1862      6085.0 
1865      405.0 
1871      4765.0 
1873      1630.0 
1901      13780.0 
1902      8875.0 
1906      6885.0 
1921      4930.0 
1931      4930.0 
1934      3925.0 
1935      2740.0
