COMPOSITE TABLE
i	  d
!---------------
1391      7435.0 
1393      1590.0 
1396      1330.0 
1426      905.0 
1427      965.0 
3401      12555.0 
3402      9240.0 
3403      2285.0 
3404      10140.0 
3405      3455.0 
3411      8090.0 
3412      1110.0 
3413      320.0 
3415      1200.0 
3417      9705.0 
3421      7875.0 
3425      850.0 
3431      7240.0 
3432      5795.0 
3433      3490.0 
3434      8520.0 
3435      6095.0 
3436      6530.0 
3437      13665.0 
3438      9260.0 
3439      300.0 
3441      1925.0 
3442      3930.0 
3443      7035.0 
3444      235.0 
3445      3985.0 
3446      7725.0 
3447      15.0 
3448      9565.0 
3449      385.0 
3451      9245.0 
3452      9280.0 
3453      9255.0 
3454      11680.0 
3455      420.0 
3461      3785.0 
3464      395.0 
3467      720.0 
3471      3810.0 
3474      2345.0 
3481      8370.0 
3511      8535.0 
3512      7820.0 
3513      5315.0 
3514      7360.0 
3515      4765.0 
3521      5360.0 
3522      8530.0 
3523      8770.0 
3524      11600.0 
3525      5700.0 
3526      9785.0 
3527      11825.0 
3528      10.0 
3531      11350.0 
3532      6915.0 
3533      7365.0 
3534      1280.0 
3541      15.0 
3542      205.0 
3543      7105.0 
3544      16705.0 
3545      135.0 
3546      215.0 
3551      6940.0 
3552      6220.0 
3553      7180.0 
3554      7355.0 
3555      7705.0 
3561      8755.0 
3562      6670.0 
3563      6230.0 
3564      9530.0 
3565      65.0 
3566      335.0 
3571      9590.0 
3572      11110.0 
3573      3205.0 
3581      9630.0 
3582      8505.0 
3583      5885.0 
3584      5440.0 
3585      180.0 
3601      6980.0 
3602      3610.0 
3603      2365.0 
3604      1510.0 
3605      5275.0 
3606      30.0 
3607      14125.0 
3608      3370.0 
3611      545.0 
3612      1190.0 
3615      1220.0 
3621      10610.0 
3626      730.0 
3628      3265.0 
3631      455.0 
3632      4200.0 
3633      1745.0 
3634      515.0 
3641      11625.0 
3642      3410.0 
3643      1665.0 
3645      8465.0 
3646      805.0 
3648      6545.0 
3701      5700.0 
3702      3830.0 
3703      5890.0 
3704      9110.0 
3705      9345.0 
3706      5200.0 
3707      5815.0 
3708      5910.0 
3709      320.0 
3711      1460.0 
3712      2035.0 
3721      7620.0 
3722      4465.0 
3723      9935.0 
3731      5955.0 
3732      4510.0 
3734      3940.0 
3735      1730.0 
3737      1890.0 
3738      4975.0 
3739      1445.0 
3741      8885.0 
3742      9660.0 
3743      4410.0 
3744      1080.0 
3749      285.0 
3751      6095.0 
3752      13035.0 
3754      865.0 
3755      8835.0 
3761      4905.0 
3762      8405.0 
3763      2565.0 
3764      5190.0 
3765      5040.0 
3766      7460.0 
3768      5805.0 
3769      6300.0 
3791      2435.0 
3811      5920.0 
3812      10780.0 
3813      15450.0 
3814      5830.0 
3815      10455.0 
3816      11185.0 
3817      11885.0 
3818      10120.0 
3819      430.0 
3821      195.0 
3822      8555.0 
3823      11850.0 
3824      15275.0 
3825      9595.0 
3826      3470.0 
3828      10820.0 
3829      2900.0 
3831      12815.0 
3832      3800.0 
3833      7350.0 
3834      2050.0 
3835      350.0 
3836      135.0 
3901      9070.0 
3902      10260.0 
3903      7125.0 
3904      13510.0 
3905      14315.0 
3906      7595.0 
3907      165.0 
3911      13760.0 
3912      660.0 
3921      4065.0 
3922      365.0 
3927      4600.0 
3931      11895.0 
3941      10050.0 
3945      3110.0 
3947      2060.0 
3951      4650.0 
3953      1310.0 
3956      7555.0 
3958      5475.0 
3959      1355.0 
3961      9640.0 
3962      8350.0 
3971      7915.0 
3972      10500.0 
3981      6635.0 
3984      5460.0 
3985      2360.0 
3989      10.0 
3991      17125.0 
3992      6665.0 
3993      5390.0 
3994      13620.0 
3995      1560.0 
3997      630.0 
3998      1935.0 
3999      690.0 
4121      1240.0 
4122      810.0 
4124      1480.0 
4131      4220.0 
4132      4655.0 
4133      7235.0
