COMPOSITE TABLE
i	  d
!---------------
2651      17680.0 
2652      7235.0 
2661      13505.0 
2662      3220.0 
2665      10920.0 
2901      10315.0 
2902      7645.0 
2903      8125.0 
2904      7995.0 
2905      6155.0 
2906      5545.0 
2907      14165.0 
2908      3000.0 
2909      2390.0 
2921      2205.0 
2922      6635.0 
2923      6140.0 
2924      4225.0 
2925      7025.0 
2926      2580.0 
2981      3145.0 
2982      5910.0 
2983      8550.0 
2984      3095.0 
2985      4720.0 
2986      8500.0 
2987      7085.0 
2988      2940.0 
2989      805.0 
2991      12095.0 
2992      14040.0 
2993      14360.0 
2994      5955.0 
3011      13310.0 
3012      4160.0 
3013      1030.0 
3014      8115.0 
3015      2235.0 
3016      1355.0 
3021      11420.0 
3022      9745.0 
3023      9210.0 
3024      7685.0 
3025      7280.0 
3026      6900.0 
3027      10020.0 
3028      7400.0 
3029      3295.0 
3031      7940.0 
3032      6280.0 
3033      4545.0 
3034      9980.0 
3035      6480.0 
3036      8345.0 
3037      7605.0 
3038      7515.0 
3039      9435.0 
3041      105.0 
3042      7230.0 
3043      7140.0 
3044      160.0 
3045      1295.0 
3046      435.0 
3047      90.0 
3051      7475.0 
3052      5905.0 
3053      9365.0 
3054      7735.0 
3055      7690.0 
3056      3485.0 
3059      10085.0 
3061      15510.0 
3062      7060.0 
3063      8755.0 
3064      1715.0 
3065      8420.0 
3066      10335.0 
3067      20170.0 
3068      22005.0 
3069      18900.0 
3071      18790.0 
3072      13535.0 
3073      13725.0 
3074      10720.0 
3075      12710.0 
3076      12960.0 
3077      17945.0 
3078      11570.0 
3079      15580.0 
3081      11695.0 
3082      10945.0 
3083      12605.0 
3084      2265.0 
3085      12220.0 
3086      11625.0 
3087      1795.0 
3088      20.0 
3089      1480.0 
3111      4400.0 
3112      10840.0 
3113      30.0 
3114      5850.0 
3115      25.0 
3116      3025.0 
3117      8825.0 
3118      4765.0 
3119      9275.0 
3121      3240.0 
3122      8685.0 
3123      7540.0 
3124      8740.0 
3125      325.0 
3131      15230.0 
3132      12340.0 
3133      915.0 
3134      6775.0 
3135      11620.0 
3136      9925.0 
3137      13695.0 
3138      15.0 
3141      6635.0 
3142      5430.0 
3143      2480.0 
3144      5450.0 
3145      6190.0 
3146      5300.0 
3147      110.0 
3151      9520.0 
3161      7580.0 
3162      6680.0 
3165      1.0 
3171      5935.0 
3172      1235.0 
3176      2760.0 
3181      12495.0 
3191      9845.0 
3192      11535.0 
3193      6160.0 
3194      6670.0 
3195      4800.0 
3196      1.0 
3197      5.0 
3198      5.0 
3199      1.0 
3201      10705.0 
3202      6470.0 
3203      3705.0 
3204      7760.0 
3205      8650.0 
3206      10565.0 
3207      16820.0 
3208      6325.0 
3209      1340.0 
3211      1770.0 
3212      445.0 
3214      5180.0 
3216      1285.0 
3218      2575.0 
3221      4990.0 
3222      4155.0 
3223      13875.0 
3224      8340.0 
3225      8380.0 
3227      1190.0 
3231      3520.0 
3232      8640.0 
3233      7185.0 
3234      560.0 
3235      6315.0 
3237      1715.0 
3238      1885.0 
3241      6630.0 
3243      1385.0 
3244      2475.0 
3245      7460.0 
3247      5020.0 
3248      2200.0 
3249      1220.0 
3251      3425.0 
3252      2175.0 
3253      5815.0 
3255      4825.0 
3256      1190.0 
3257      2640.0 
3258      1710.0
