COMPOSITE TABLE
i	  d
!---------------
4251      11235.0 
4254      5385.0 
4255      3395.0 
4261      6180.0 
4264      2470.0 
4265      1720.0 
4266      735.0 
4267      395.0 
4268      710.0 
4269      405.0 
4271      2410.0 
4273      3950.0 
4281      2435.0 
4283      1605.0 
4284      1720.0 
4285      4565.0 
4286      3605.0 
4287      205.0 
4288      290.0 
4611      8020.0 
4612      235.0 
4613      4025.0 
4614      7140.0 
4615      5815.0 
4616      30.0 
4617      7930.0 
4621      4685.0 
4622      415.0 
4623      3985.0 
4624      6305.0 
4625      3015.0 
4631      8995.0 
4634      1545.0 
4635      2195.0 
4641      5225.0 
4645      3675.0 
4651      11960.0 
4652      235.0 
4655      735.0 
4661      12265.0 
4664      1960.0 
4671      5660.0 
4681      2335.0 
4701      5695.0 
4702      13235.0 
4703      7040.0 
4704      160.0 
4705      350.0 
4706      11635.0 
4707      16285.0 
4708      13100.0 
4709      1565.0 
4711      9320.0 
4714      4930.0 
4715      4765.0 
4721      1260.0 
4722      210.0 
4724      4865.0 
4725      1170.0 
4726      1840.0 
4727      640.0 
4731      12105.0 
4735      2010.0 
4741      6715.0 
4744      2045.0 
4751      7200.0 
4754      1220.0 
4756      2265.0 
4758      2260.0 
4761      13485.0 
4762      575.0 
4765      1630.0 
4766      30.0 
4771      650.0 
4772      245.0 
4781      575.0 
4782      600.0 
4791      5690.0 
4793      5350.0 
4794      1010.0 
4796      305.0 
4797      3095.0 
4811      14830.0 
4812      8875.0 
4813      7850.0 
4814      10970.0 
4815      3535.0 
4816      4145.0 
4817      14700.0 
4818      8890.0 
4819      3525.0 
4822      8520.0 
4823      9400.0 
4824      9495.0 
4825      125.0 
4826      9100.0 
4827      6420.0 
4834      11020.0 
4835      6555.0 
4836      620.0 
4837      2145.0 
4838      1165.0 
4839      380.0 
4841      11485.0 
4844      6355.0 
4845      2195.0 
4847      6840.0 
4849      2395.0 
4851      4680.0 
4854      8020.0 
4855      910.0 
4856      340.0 
4858      330.0 
4859      55.0 
4861      3825.0 
4871      14960.0 
4872      8945.0 
4873      6310.0 
4874      2750.0 
4875      1840.0 
4876      6460.0 
4877      45.0 
4878      5.0 
4879      200.0 
4881      7510.0 
4882      2510.0 
4884      3050.0 
4885      1685.0 
4891      6265.0 
4901      10190.0 
4902      8895.0 
4903      230.0 
4904      12005.0 
4905      805.0 
4906      2685.0 
4907      10965.0 
4908      3450.0 
4909      1280.0 
4911      1235.0 
4921      11610.0 
4924      570.0 
4926      4180.0 
4927      1655.0 
4931      6895.0 
4941      8220.0 
4942      3895.0 
4944      2070.0 
5011      11180.0 
5012      4170.0 
5013      775.0 
5014      10965.0 
5015      720.0 
5017      4920.0 
5018      3145.0 
5021      11905.0 
5022      7720.0 
5025      12115.0 
5026      305.0 
5032      6480.0 
5035      6950.0 
5036      6190.0 
5037      9340.0 
5038      12655.0 
5041      8265.0 
5042      11860.0 
5043      9990.0 
5044      8080.0 
5045      19170.0 
5046      11560.0 
5047      155.0 
5048      50.0 
5049      7260.0 
5051      14890.0 
5052      3630.0 
5053      1745.0 
5056      10925.0 
5059      265.0 
5061      12190.0 
5062      6080.0 
5063      1275.0 
5066      6015.0 
5071      8015.0 
5081      8480.0 
5084      850.0 
5085      1205.0 
5087      3610.0 
5089      825.0 
5101      3790.0 
5102      5085.0 
5103      6925.0 
5104      5680.0 
5105      390.0 
5106      1030.0 
5107      45.0 
5109      2120.0 
5111      5475.0 
5113      1080.0 
5114      150.0 
5121      12330.0 
5122      4245.0 
5124      1340.0 
5125      330.0 
5126      7730.0 
5131      3965.0 
5133      2500.0 
5141      5760.0 
5142      9620.0 
5143      4635.0 
5144      9005.0 
5145      110.0 
5146      1695.0 
5161      9895.0 
5165      5025.0 
5171      13635.0 
5172      2845.0 
5175      6005.0 
5176      530.0
